0 0.496875 0.726250 0.216250 0.415000
0 0.623750 0.588125 0.192500 0.386250
0 0.738750 0.477500 0.170000 0.337500
0 0.830625 0.359375 0.173750 0.381250
0 0.891250 0.278125 0.172500 0.368750
0 0.341250 0.578125 0.177500 0.413750
0 0.480625 0.433125 0.148750 0.293750
0 0.605000 0.318750 0.170000 0.320000
0 0.700625 0.246875 0.196250 0.343750
0 0.514375 0.238750 0.171250 0.297500
0 0.405625 0.327500 0.218750 0.327500
0 0.243750 0.467500 0.172500 0.350000
0 0.311250 0.253750 0.172500 0.350000
0 0.155000 0.363750 0.155000 0.397500
0 0.095000 0.245625 0.142500 0.326250